7488
7135
6818
6503
6210
5935
5663
5406
5154
4921
4686
4468
4266
4066
3881
3686
3503
3334
3171
3018
2878
2725
2584
2443
2313
2200
2078
1967
1866
1767
1675
1582
1492
1415
1329
1263
1188
1118
1048
990
937
883
826
771
719
676
628
589
544
500
458
412
383
346
310
275
233
207
172
145
116
86
54
24
1
23
52
75
103
121
151
172
196
219
240
261
286
310
335
354
369
390
414
436
456
468
489
506
526
546
563
582
594
609
628
641
7367
7001
6664
6328
5997
5685
5384
5113
4844
4560
4313
4066
3837
3598
3370
3161
2953
2757
2568
2375
2194
2010
1852
1689
1535
1373
1227
1094
955
823
700
579
465
345
247
141
34
61
152
238
325
422
496
570
651
722
792
865
925
996
1060
1130
1192
1244
1301
1361
1414
1473
1529
1583
1622
1676
1729
1778
1822
1870
1921
1968
2002
2052
2094
2135
2180
2229
2271
2309
2345
2392
2435
2472
2511
2552
2590
2633
2666
2705
2743
2778
2816
2856
2886
2920
2957
2994
3024
3057
7417
7103
6748
6418
6112
5816
5538
5264
4996
4760
4524
4301
4080
3877
3670
3484
3308
3146
2972
2809
2661
2536
2404
2271
2150
2050
1946
1842
1746
1662
1592
1528
1448
1377
1301
1255
1217
1174
1112
1066
1031
1003
965
923
892
873
845
823
806
784
762
743
708
695
684
673
656
629
602
599
584
566
547
523
501
482
461
450
433
412
386
365
335
308
279
258
234
214
189
160
132
101
74
52
18
6
36
67
98
126
154
179
213
245
278
312
7465
7128
6801
6464
6163
5848
5567
5295
5036
4780
4516
4268
4040
3808
3599
3385
3179
2988
2804
2617
2429
2244
2064
1912
1761
1620
1482
1319
1175
1038
915
811
696
590
472
353
256
162
67
32
121
198
276
359
441
515
587
650
715
785
856
926
985
1042
1099
1149
1209
1270
1327
1381
1426
1470
1514
1556
1607
1657
1703
1754
1795
1824
1859
1895
1937
1985
2024
2063
2095
2121
2157
2188
2224
2254
2285
2322
2351
2383
2411
2433
2463
2491
2525
2553
2579
2604
2627
2656
7636
7287
6957
6651
6368
6075
5792
5525
5267
5013
4768
4553
4329
4118
3921
3716
3533
3357
3177
3009
2840
2681
2535
2390
2266
2140
2011
1897
1776
1668
1574
1483
1398
1309
1230
1150
1080
1010
945
891
835
781
729
672
631
584
544
507
468
438
395
355
325
283
248
217
190
162
131
98
69
37
9
20
52
82
109
137
158
183
212
245
274
307
326
350
370
394
418
442
464
489
512
542
562
584
599
617
636
657
677
701
717
737
754
773
9148
8807
8466
8156
7865
7581
7326
7090
6853
6628
6416
6212
6039
5875
5710
5560
5416
5271
5142
5029
4925
4817
4721
4625
4541
4460
4388
4316
4250
4195
4142
4092
4059
4011
3965
3935
3900
3875
3853
3828
3809
3788
3773
3752
3739
3727
3711
3710
3701
3691
3686
3673
3665
3659
3651
3644
3638
3629
3615
3610
3606
3596
3581
3567
3559
3552
3552
3539
3518
3505
3492
3483
3480
3476
3461
3450
3440
3423
3417
3410
3398
3386
3377
3364
3352
3344
3330
3318
3312
3298
3285
3274
3263
3250
3244
3234
9047
8652
8262
7870
7487
7126
6799
6490
6175
5878
5600
5348
5077
4833
4586
4356
4163
3953
3765
3570
3378
3211
3036
2879
2741
2588
2447
2312
2179
2065
1943
1840
1730
1614
1522
1429
1331
1242
1164
1079
1000
923
848
775
711
653
583
532
475
429
370
316
275
223
188
144
96
58
14
18
53
87
117
151
181
213
245
272
300
320
341
366
392
413
434
448
469
485
506
529
545
557
574
592
611
632
649
657
669
685
710
721
735
749
758
775
8965
8604
8246
7927
7623
7358
7096
6835
6623
6403
6206
6015
5843
5675
5528
5382
5240
5113
4997
4896
4796
4709
4608
4520
4446
4378
4315
4254
4194
4150
4109
4072
4036
3997
3964
3934
3917
3881
3858
3840
3816
3804
3788
3766
3756
3748
3736
3716
3711
3697
3685
3680
3665
3653
3654
3645
3637
3628
3617
3609
3612
3597
3588
3590
3583
3578
3574
3567
3563
3566
3555
3546
3547
3540
3540
3531
3523
3521
3522
3516
3509
3508
3505
3508
3507
3492
3496
3496
3493
3489
3486
3482
3484
3487
3478
3474
8321
8004
7689
7401
7126
6889
6648
6428
6198
6002
5804
5627
5463
5312
5142
4987
4846
4713
4585
4466
4354
4228
4118
4020
3921
3837
3751
3667
3583
3510
3440
3371
3305
3244
3191
3127
3075
3019
2973
2930
2885
2843
2802
2760
2718
2681
2650
2617
2591
2560
2528
2497
2477
2445
2420
2402
2377
2356
2333
2313
2294
2281
2261
2242
2229
2205
2191
2176
2167
2150
2138
2126
2112
2102
2092
2085
2071
2060
2053
2042
2037
2026
2021
2009
2002
1995
1990
1982
1977
1970
1963
1959
1952
1946
1942
1937
6533
6270
6019
5796
5587
5382
5214
5030
4846
4689
4533
4412
4265
4131
4012
3873
3770
3662
3564
3465
3371
3281
3183
3110
3033
2966
2897
2822
2760
2699
2648
2595
2540
2488
2434
2385
2350
2308
2265
2227
2186
2153
2116
2078
2049
2016
1992
1962
1936
1910
1885
1859
1841
1815
1785
1770
1751
1730
1710
1685
1669
1651
1638
1623
1598
1580
1568
1553
1541
1525
1509
1496
1482
1465
1452
1441
1428
1415
1397
1386
1377
1364
1358
1341
1329
1318
1305
1297
1288
1278
1267
1256
1243
1235
1229
1220
6478
6187
5918
5674
5434
5197
4998
4793
4587
4402
4236
4069
3911
3760
3608
3474
3347
3215
3088
2979
2884
2777
2680
2590
2502
2414
2327
2249
2179
2107
2041
1967
1907
1850
1788
1730
1671
1620
1577
1526
1482
1433
1393
1348
1302
1267
1231
1193
1162
1125
1096
1062
1028
995
963
936
915
890
865
832
806
782
759
732
710
689
669
644
626
605
580
556
536
514
498
482
462
440
421
403
388
370
353
337
324
306
290
274
264
248
232
219
208
193
182
169
6686
6392
6138
5891
5669
5446
5247
5051
4876
4703
4546
4387
4244
4118
3995
3871
3750
3638
3544
3456
3365
3272
3197
3117
3049
2981
2920
2867
2813
2764
2715
2675
2634
2596
2559
2524
2498
2473
2447
2418
2398
2372
2355
2336
2318
2308
2289
2273
2258
2240
2231
2218
2212
2202
2185
2171
2162
2156
2156
2140
2131
2122
2115
2112
2101
2095
2089
2082
2076
2069
2065
2057
2050
2046
2049
2042
2035
2025
2023
2020
2013
2008
2000
1998
1993
1984
1982
1975
1971
1965
1960
1956
1955
1945
1941
1936
5916
5713
5538
5371
5218
5076
4954
4839
4730
4631
4549
4467
4390
4325
4267
4221
4175
4126
4083
4044
4018
3998
3972
3935
3916
3897
3879
3860
3847
3834
3816
3801
3790
3777
3767
3767
3755
3747
3738
3733
3725
3716
3712
3716
3708
3703
3694
3691
3690
3681
3675
3672
3668
3666
3659
3650
3646
3643
3642
3636
3632
3634
3629
3619
3616
3614
3614
3611
3610
3611
3603
3596
3597
3593
3599
3597
3592
3594
3587
3591
3591
3589
3593
3592
3594
3596
3592
3596
3598
3597
3601
3601
3603
3606
3606
3607
5826
5637
5473
5338
5209
5106
4997
4915
4835
4771
4706
4655
4602
4550
4506
4473
4451
4429
4418
4409
4399
4396
4385
4386
4386
4384
4389
4399
4396
4397
4398
4398
4402
4402
4404
4415
4411
4410
4405
4399
4400
4393
4395
4395
4386
4380
4369
4358
4352
4347
4345
4340
4329
4317
4313
4304
4301
4298
4292
4289
4281
4274
4270
4265
4265
4268
4266
4263
4259
4255
4258
4256
4256
4262
4260
4260
4258
4256
4259
4257
4259
4265
4264
4263
4263
4262
4263
4261
4261
4267
4266
4264
4264
4258
4258
4257
7002
6689
6400
6129
5863
5629
5393
5166
4959
4750
4558
4372
4194
4039
3872
3721
3572
3440
3304
3177
3060
2939
2826
2724
2623
2526
2433
2350
2260
2179
2103
2028
1958
1896
1828
1773
1711
1654
1597
1547
1496
1446
1405
1361
1320
1276
1234
1194
1161
1131
1104
1072
1038
1009
977
953
934
909
879
856
833
812
796
778
755
737
717
705
687
671
658
637
621
608
594
573
561
545
531
521
506
494
482
471
461
445
434
424
416
404
393
383
372
368
356
346
6626
6323
6017
5747
5470
5191
4938
4693
4474
4237
4020
3813
3618
3437
3248
3068
2904
2744
2584
2432
2293
2145
2001
1879
1763
1638
1522
1415
1316
1213
1120
1034
951
861
781
714
641
564
505
448
390
324
270
222
174
119
71
29
14
58
103
150
197
235
269
311
350
395
433
466
497
533
569
607
640
670
697
733
766
801
828
852
883
914
946
974
999
1022
1047
1079
1106
1128
1150
1174
1199
1225
1247
1266
1287
1311
1331
1355
1373
7948
7991
7916
7458
7093
6902
6974
6989
6869
6597
6399
6305
6334
6295
6212
6061
5972
5925
5920
5885
5838
5765
5729
5700
5683
5663
5641
5601
5579
5551
5537
5517
5500
5490
5480
5463
5449
5434
5429
5421
5416
5403
5391
5382
5382
5380
5375
5367
5357
5355
5354
5349
5348
5338
5333
5322
5319
5321
5324
5324
5318
5308
5303
5303
5310
5311
5305
5294
5289
5289
5297
5296
5298
5293
5287
5291
5294
5297
5296
5291
5290
5288
5295
5292
5293
5290
5286
5287
5287
5291
5291
5287
5285
5282
5284
5286
7219
6940
6651
6354
6099
5842
5620
5391
5187
4995
4810
4629
4461
4305
4157
4013
3886
3748
3631
3517
3410
3310
3213
3118
3039
2966
2899
2820
2743
2668
2617
2565
2516
2470
2418
2369
2322
2280
2238
2210
2178
2147
2118
2082
2055
2026
2001
1977
1961
1943
1930
1910
1891
1870
1855
1839
1822
1815
1803
1794
1778
1757
1741
1737
1732
1721
1715
1698
1691
1681
1671
1665
1662
1653
1646
1635
1621
1616
1608
1597
1594
1588
1586
1581
1574
1560
1554
1551
1551
1550
1541
1536
1531
1527
1520
1519
7274
6976
6702
6429
6170
5933
5692
5486
5269
5069
4882
4707
4541
4372
4207
4056
3912
3781
3650
3520
3398
3294
3187
3084
2979
2881
2793
2711
2639
2561
2495
2432
2372
2317
2262
2205
2154
2121
2081
2047
1995
1963
1935
1910
1882
1847
1822
1800
1778
1754
1730
1709
1688
1664
1651
1630
1603
1582
1564
1555
1538
1511
1492
1481
1467
1452
1427
1416
1404
1388
1375
1359
1346
1329
1314
1303
1293
1277
1262
1248
1241
1231
1213
1198
1188
1181
1169
1155
1141
1133
1122
1110
1099
1091
1080
1068
8877
8545
8251
7954
7698
7466
7235
7026
6824
6634
6465
6313
6164
6024
5876
5759
5645
5539
5437
5345
5243
5172
5089
5022
4960
4889
4825
4767
4711
4662
4626
4581
4540
4504
4464
4445
4420
4391
4370
4342
4319
4306
4286
4268
4263
4247
4232
4219
4208
4204
4187
4174
4176
4173
4159
4153
4147
4142
4147
4141
4132
4126
4120
4128
4124
4117
4112
4110
4106
4104
4105
4099
4093
4088
4088
4085
4083
4082
4074
4072
4074
4074
4066
4063
4061
4065
4062
4056
4053
4055
4051
4050
4048
4049
4046
4041
8888
8533
8212
7900
7608
7345
7072
6825
6596
6393
6205
6008
5835
5657
5495
5354
5211
5079
4963
4849
4732
4639
4522
4443
4361
4283
4221
4153
4088
4043
4001
3946
3896
3843
3800
3777
3749
3722
3699
3662
3630
3613
3591
3574
3551
3536
3521
3508
3503
3480
3459
3442
3425
3415
3410
3396
3386
3367
3345
3334
3324
3308
3305
3295
3270
3261
3246
3230
3225
3210
3196
3186
3169
3165
3154
3139
3133
3116
3108
3093
3083
3080
3067
3056
3045
3031
3021
3022
3015
3003
2994
2980
2973
2973
2968
2966
7976
7685
7403
7140
6906
6681
6460
6249
6063
5884
5702
5549
5380
5237
5090
4950
4834
4714
4599
4490
4383
4290
4189
4094
4013
3941
3866
3794
3711
3649
3583
3535
3477
3426
3377
3329
3288
3245
3202
3165
3128
3107
3072
3049
3013
2985
2959
2936
2916
2899
2880
2862
2834
2815
2800
2792
2784
2776
2753
2742
2729
2726
2720
2712
2701
2692
2688
2685
2679
2677
2668
2666
2660
2661
2656
2657
2650
2645
2645
2643
2648
2647
2638
2638
2632
2642
2641
2641
2634
2631
2629
2638
2640
2636
2629
2624
7634
7402
7175
6963
6795
6623
6474
6322
6178
6058
5956
5852
5748
5672
5583
5518
5439
5363
5308
5241
5202
5141
5090
5054
5017
4971
4928
4902
4870
4849
4819
4796
4781
4752
4728
4702
4677
4666
4662
4649
4640
4628
4606
4593
4572
4560
4559
4547
4547
4543
4532
4525
4518
4516
4514
4507
4499
4495
4495
4493
4491
4489
4491
4488
4475
4474
4474
4474
4479
4473
4476
4475
4468
4464
4465
4468
4470
4461
4455
4460
4452
4453
4458
4457
4459
4452
4448
4445
4442
4442
4445
4442
4440
4445
4440
4439
7907
7644
7393
7145
6922
6697
6499
6311
6137
5977
5828
5707
5566
5426
5321
5198
5090
4996
4894
4810
4730
4646
4577
4508
4445
4386
4322
4270
4217
4166
4119
4070
4039
3998
3960
3934
3897
3869
3843
3810
3786
3754
3730
3704
3682
3667
3651
3636
3620
3601
3586
3563
3551
3539
3524
3511
3501
3488
3476
3463
3453
3442
3438
3431
3418
3408
3398
3390
3385
3375
3379
3374
3366
3360
3354
3349
3344
3345
3344
3333
3329
3324
3321
3321
3317
3317
3314
3307
3306
3300
3296
3296
3298
3299
3293
3289
7802
7482
7188
6904
6637
6391
6151
5917
5717
5503
5322
5137
4954
4786
4625
4462
4330
4182
4057
3941
3817
3701
3598
3492
3398
3310
3214
3130
3056
2982
2923
2849
2779
2718
2655
2605
2550
2502
2467
2420
2378
2330
2286
2253
2223
2194
2153
2118
2090
2060
2030
1994
1975
1944
1921
1902
1872
1844
1824
1796
1779
1750
1730
1713
1691
1671
1652
1623
1602
1584
1572
1550
1535
1521
1503
1482
1465
1454
1438
1417
1406
1394
1383
1361
1347
1335
1323
1312
1295
1279
1271
1259
1252
1231
1216
1207
7629
7330
7006
6704
6408
6144
5898
5641
5402
5189
4982
4791
4589
4422
4236
4074
3918
3785
3658
3526
3384
3275
3167
3071
2967
2875
2793
2710
2631
2558
2490
2438
2370
2323
2276
2223
2172
2129
2088
2058
2013
1980
1954
1924
1885
1860
1841
1826
1800
1781
1750
1729
1714
1697
1685
1682
1659
1634
1617
1609
1602
1590
1577
1568
1545
1530
1519
1514
1503
1488
1476
1467
1453
1443
1426
1416
1407
1395
1379
1368
1356
1341
1325
1315
1303
1292
1278
1268
1256
1240
1220
1215
1210
1201
1184
1170
8072
7717
7384
7078
6788
6528
6277
6026
5760
5511
5293
5084
4889
4720
4532
4365
4210
4051
3886
3734
3593
3475
3360
3251
3145
3028
2920
2830
2729
2629
2540
2458
2392
2324
2254
2193
2122
2054
1996
1934
1884
1847
1799
1761
1718
1672
1635
1590
1552
1526
1493
1463
1443
1412
1386
1365
1337
1314
1295
1277
1265
1254
1233
1215
1199
1182
1175
1160
1150
1142
1126
1121
1105
1094
1093
1079
1069
1065
1051
1046
1041
1029
1025
1021
1014
1009
1000
991
987
986
984
980
972
960
955
954
8551
8166
7799
7459
7136
6821
6528
6242
5969
5685
5433
5203
4976
4752
4536
4328
4136
3949
3782
3609
3441
3276
3124
2991
2859
2731
2608
2496
2395
2289
2200
2111
2028
1947
1878
1819
1759
1701
1650
1597
1554
1509
1476
1445
1412
1380
1355
1333
1317
1298
1289
1279
1266
1249
1238
1232
1233
1232
1217
1203
1206
1202
1205
1202
1190
1186
1186
1186
1189
1182
1176
1171
1174
1169
1164
1162
1159
1154
1153
1149
1150
1147
1143
1138
1142
1143
1135
1134
1133
1133
1137
1134
1132
1130
1130
1133
9232
8883
8594
8299
8032
7754
7460
7225
6984
6751
6530
6310
6124
5940
5740
5559
5393
5245
5100
4958
4820
4701
4577
4453
4356
4252
4156
4075
3996
3916
3844
3774
3715
3670
3612
3566
3528
3489
3458
3424
3395
3379
3352
3338
3318
3300
3301
3289
3276
3276
3266
3266
3264
3259
3255
3254
3248
3243
3240
3241
3233
3234
3236
3232
3222
3218
3216
3215
3207
3202
3193
3195
3182
3175
3171
3161
3152
3149
3139
3132
3128
3116
3105
3103
3094
3087
3078
3065
3059
3053
3042
3038
3027
3019
3015
3000
8217
7851
7473
7094
6790
6473
6150
5865
5573
5291
5039
4783
4560
4336
4094
3882
3680
3480
3294
3120
2949
2783
2615
2457
2308
2156
2012
1889
1770
1635
1519
1408
1316
1221
1114
1018
934
852
765
681
612
538
475
408
341
283
217
155
100
37
17
68
119
171
221
280
328
368
422
468
509
559
598
642
688
726
767
811
843
874
917
957
997
1040
1071
1107
1143
1173
1211
1246
1277
1314
1347
1376
1409
1440
1467
1500
1531
1558
1592
1619
1644
1676
1700
1725
7951
7620
7332
7050
6776
6520
6276
6047
5840
5645
5442
5260
5080
4925
4778
4623
4481
4342
4223
4109
3995
3885
3787
3688
3590
3510
3430
3355
3287
3217
3145
3076
3024
2977
2924
2877
2824
2780
2734
2694
2659
2620
2590
2559
2525
2494
2456
2433
2409
2389
2366
2341
2318
2288
2272
2258
2235
2216
2193
2186
2165
2152
2138
2114
2101
2088
2081
2071
2051
2042
2023
2015
2004
1995
1980
1958
1951
1941
1934
1922
1904
1894
1883
1879
1870
1859
1847
1836
1830
1822
1814
1803
1792
1789
1780
1775
8496
8158
7828
7513
7234
6946
6676
6434
6187
5955
5736
5507
5317
5128
4944
4768
4596
4442
4302
4162
4020
3879
3754
3622
3522
3421
3325
3220
3121
3034
2948
2880
2814
2738
2666
2599
2550
2487
2439
2381
2329
2288
2245
2211
2162
2115
2086
2048
2023
1990
1960
1936
1899
1874
1848
1826
1807
1790
1770
1738
1724
1701
1686
1675
1653
1642
1623
1605
1595
1577
1563
1550
1538
1523
1508
1493
1480
1463
1449
1439
1426
1410
1403
1391
1376
1361
1344
1339
1333
1318
1308
1294
1283
1271
1265
1256
8632
8234
7866
7499
7138
6799
6475
6169
5860
5573
5308
5044
4785
4544
4297
4080
3870
3664
3466
3277
3099
2917
2758
2603
2458
2313
2172
2050
1944
1834
1725
1621
1527
1448
1370
1287
1224
1152
1096
1038
982
933
888
849
805
780
741
706
670
634
607
584
553
516
487
462
441
410
390
362
337
319
294
271
252
228
212
191
172
154
133
117
102
83
66
53
36
24
5
11
24
35
48
56
71
88
97
111
115
126
137
152
160
169
175
187
8213
7903
7609
7347
7094
6862
6640
6430
6222
6012
5831
5657
5503
5355
5204
5064
4927
4808
4681
4554
4448
4336
4241
4162
4077
3991
3901
3827
3754
3681
3626
3563
3505
3455
3404
3351
3309
3256
3217
3187
3141
3121
3084
3039
3022
2991
2969
2955
2922
2900
2876
2850
2840
2817
2796
2789
2764
2749
2748
2732
2722
2700
2681
2681
2673
2669
2666
2643
2630
2621
2620
2617
2609
2606
2603
2598
2595
2593
2583
2574
2577
2580
2580
2573
2564
2562
2562
2563
2566
2561
2552
2555
2556
2558
2556
2545
6522
6282
6071
5866
5680
5497
5318
5152
5008
4871
4741
4623
4495
4381
4275
4171
4075
3983
3896
3820
3741
3670
3605
3530
3461
3404
3353
3295
3246
3205
3162
3120
3073
3033
2995
2967
2936
2912
2881
2851
2822
2798
2776
2758
2734
2710
2697
2685
2669
2642
2624
2612
2602
2589
2572
2563
2553
2543
2532
2521
2502
2495
2493
2489
2483
2469
2456
2449
2450
2439
2433
2428
2425
2424
2415
2407
2401
2396
2390
2389
2386
2383
2375
2371
2365
2360
2356
2350
2349
2346
2346
2341
2333
2326
2325
2323
6386
6109
5847
5618
5409
5203
5017
4827
4653
4499
4346
4205
4062
3937
3825
3717
3612
3509
3417
3325
3243
3169
3090
3015
2948
2887
2828
2772
2715
2659
2609
2564
2528
2489
2451
2422
2393
2367
2335
2303
2276
2256
2236
2213
2195
2177
2158
2143
2125
2109
2099
2088
2080
2072
2055
2042
2034
2026
2020
2006
1993
1983
1979
1978
1973
1962
1955
1949
1947
1949
1940
1931
1925
1919
1919
1913
1906
1901
1893
1891
1887
1883
1884
1876
1875
1870
1863
1865
1866
1863
1860
1851
1849
1850
1852
1855
6975
6677
6430
6153
5899
5669
5444
5236
5038
4862
4693
4537
4379
4237
4106
3981
3865
3756
3658
3570
3488
3407
3333
3276
3203
3141
3094
3056
3018
2978
2935
2900
2875
2843
2820
2802
2789
2764
2750
2740
2725
2707
2704
2691
2680
2678
2674
2663
2654
2645
2641
2635
2629
2629
2622
2611
2608
2605
2596
2590
2579
2573
2572
2564
2552
2546
2535
2521
2511
2503
2494
2482
2469
2453
2438
2428
2414
2397
2385
2378
2365
2350
2333
2312
2300
2294
2280
2265
2250
2237
2225
2214
2201
2187
2173
2161
8066
7711
7373
7005
6675
6365
6067
5769
5488
5226
4988
4755
4520
4308
4097
3897
3722
3544
3371
3215
3067
2918
2785
2650
2535
2428
2318
2214
2116
2028
1950
1868
1790
1713
1655
1594
1541
1488
1427
1377
1340
1298
1260
1218
1188
1159
1129
1098
1071
1036
1008
998
979
948
923
902
888
867
849
833
814
795
780
763
747
730
718
701
680
663
652
640
624
604
584
576
564
553
539
520
505
496
488
474
455
441
434
425
413
399
385
374
364
355
343
329
9343
8967
8580
8217
7834
7487
7177
6862
6565
6267
5976
5717
5452
5221
4978
4744
4536
4329
4145
3951
3766
3593
3436
3284
3140
3004
2860
2731
2607
2494
2377
2266
2158
2070
1986
1886
1811
1721
1649
1577
1507
1448
1381
1328
1266
1219
1168
1114
1058
1016
980
937
888
836
798
755
722
677
640
602
558
529
488
459
417
377
346
314
284
245
206
176
147
114
79
42
13
21
48
74
110
136
171
194
221
255
283
312
333
353
385
411
439
462
486
513
11251
10770
10285
9849
9400
8976
8609
8206
7880
7521
7206
6901
6611
6334
6058
5815
5582
5380
5178
4990
4823
4654
4509
4373
4256
4171
4078
4014
3958
3908
3867
3845
3833
3844
3861
3871
3893
3928
3962
4018
4061
4132
4195
4254
4320
4386
4449
4527
4584
4653
4726
4780
4838
4881
4930
4981
5037
5075
5106
5147
5165
5199
5210
5231
5238
5257
5259
5254
5255
5238
5228
5210
5200
5180
5158
5137
5100
5076
5050
5020
4986
4950
4918
4884
4854
4823
4774
4746
4703
4672
4641
4613
4574
4538
4508
4469
9192
8783
8391
8008
7638
7294
6961
6633
6301
5976
5693
5421
5162
4901
4646
4394
4161
3931
3725
3523
3316
3112
2931
2761
2596
2437
2270
2120
1976
1823
1692
1565
1439
1313
1195
1088
985
879
772
662
569
478
391
307
222
141
60
23
101
169
236
294
359
432
504
570
626
676
732
790
851
901
952
1007
1057
1108
1150
1199
1250
1292
1334
1374
1414
1467
1507
1548
1594
1634
1675
1709
1744
1789
1829
1873
1912
1946
1983
2019
2063
2100
2132
2164
2195
2236
2278
2315
8530
8155
7839
7516
7181
6901
6609
6334
6088
5853
5614
5388
5173
4963
4781
4596
4409
4250
4081
3928
3783
3641
3508
3380
3251
3144
3029
2930
2824
2730
2636
2550
2464
2385
2308
2239
2174
2111
2047
1992
1928
1878
1828
1783
1739
1696
1655
1620
1576
1544
1504
1474
1448
1414
1384
1358
1323
1301
1278
1257
1237
1211
1184
1166
1148
1135
1117
1093
1076
1061
1045
1038
1010
995
980
964
956
943
925
907
892
880
869
860
844
831
815
803
794
780
770
758
743
738
723
712
7584
7328
7059
6780
6500
6270
6064
5876
5683
5472
5290
5125
4982
4838
4680
4542
4409
4280
4176
4061
3956
3852
3750
3664
3584
3494
3431
3356
3299
3244
3187
3139
3087
3042
2998
2950
2923
2891
2862
2837
2804
2783
2767
2733
2716
2693
2681
2675
2664
2643
2632
2618
2616
2600
2590
2573
2568
2567
2558
2552
2542
2529
2527
2520
2511
2508
2501
2496
2493
2484
2480
2475
2471
2466
2463
2460
2461
2458
2453
2445
2444
2441
2436
2436
2434
2431
2431
2424
2420
2418
2415
2413
2414
2411
2406
2404
7491
7288
7089
6863
6646
6478
6348
6217
6074
5931
5804
5706
5602
5506
5422
5326
5245
5177
5109
5040
4979
4915
4863
4815
4765
4724
4678
4637
4603
4569
4534
4499
4465
4437
4412
4384
4365
4344
4316
4302
4285
4265
4247
4231
4214
4198
4183
4170
4166
4157
4151
4146
4132
4127
4122
4116
4112
4108
4101
4097
4096
4091
4090
4082
4078
4077
4073
4071
4072
4066
4061
4061
4056
4056
396
