0.000000
0.000000
0.000000
0.000000
0.000000
0.000000
0.000000
0.000000
0.000000
0.000000
0.000000
0.000000
0.000000
0.000000
0.000000
0.000000
120.000000
136.000000
152.000000
168.000000
184.000000
200.000000
216.000000
232.000000
248.000000
264.000000
280.000000
296.000000
312.000000
328.000000
344.000000
360.000000
240.000000
272.000000
304.000000
336.000000
368.000000
400.000000
432.000000
464.000000
496.000000
528.000000
560.000000
592.000000
624.000000
656.000000
688.000000
720.000000
360.000000
408.000000
456.000000
504.000000
552.000000
600.000000
648.000000
696.000000
744.000000
792.000000
840.000000
888.000000
936.000000
984.000000
1032.000000
1080.000000
480.000000
544.000000
608.000000
672.000000
736.000000
800.000000
864.000000
928.000000
992.000000
1056.000000
1120.000000
1184.000000
1248.000000
1312.000000
1376.000000
1440.000000
600.000000
680.000000
760.000000
840.000000
920.000000
1000.000000
1080.000000
1160.000000
1240.000000
1320.000000
1400.000000
1480.000000
1560.000000
1640.000000
1720.000000
1800.000000
720.000000
816.000000
912.000000
1008.000000
1104.000000
1200.000000
1296.000000
1392.000000
1488.000000
1584.000000
1680.000000
1776.000000
1872.000000
1968.000000
2064.000000
2160.000000
840.000000
952.000000
1064.000000
1176.000000
1288.000000
1400.000000
1512.000000
1624.000000
1736.000000
1848.000000
1960.000000
2072.000000
2184.000000
2296.000000
2408.000000
2520.000000
960.000000
1088.000000
1216.000000
1344.000000
1472.000000
1600.000000
1728.000000
1856.000000
1984.000000
2112.000000
2240.000000
2368.000000
2496.000000
2624.000000
2752.000000
2880.000000
1080.000000
1224.000000
1368.000000
1512.000000
1656.000000
1800.000000
1944.000000
2088.000000
2232.000000
2376.000000
2520.000000
2664.000000
2808.000000
2952.000000
3096.000000
3240.000000
1200.000000
1360.000000
1520.000000
1680.000000
1840.000000
2000.000000
2160.000000
2320.000000
2480.000000
2640.000000
2800.000000
2960.000000
3120.000000
3280.000000
3440.000000
3600.000000
1320.000000
1496.000000
1672.000000
1848.000000
2024.000000
2200.000000
2376.000000
2552.000000
2728.000000
2904.000000
3080.000000
3256.000000
3432.000000
3608.000000
3784.000000
3960.000000
1440.000000
1632.000000
1824.000000
2016.000000
2208.000000
2400.000000
2592.000000
2784.000000
2976.000000
3168.000000
3360.000000
3552.000000
3744.000000
3936.000000
4128.000000
4320.000000
1560.000000
1768.000000
1976.000000
2184.000000
2392.000000
2600.000000
2808.000000
3016.000000
3224.000000
3432.000000
3640.000000
3848.000000
4056.000000
4264.000000
4472.000000
4680.000000
1680.000000
1904.000000
2128.000000
2352.000000
2576.000000
2800.000000
3024.000000
3248.000000
3472.000000
3696.000000
3920.000000
4144.000000
4368.000000
4592.000000
4816.000000
5040.000000
1800.000000
2040.000000
2280.000000
2520.000000
2760.000000
3000.000000
3240.000000
3480.000000
3720.000000
3960.000000
4200.000000
4440.000000
4680.000000
4920.000000
5160.000000
5400.000000
Number of FLOPs = 8192, Execution time = 0.000089 sec,
92.044944 MFLOPs per sec
